  0.018419  0.010359  0.015097 0.0076117    78.538    8.7859    9.0558   0.90579    83.453    2.2653
  0.020301   0.17884  0.015398  0.027459    78.444    8.8558    9.0752   0.90261    83.474     2.365
  0.018209   0.01003  0.015054  0.007612    78.379    8.6907    9.0673   0.91089    83.514    2.2676
  0.018463   0.01029   0.01522 0.0077565    78.499    8.7513    9.0656   0.90861    83.453    2.2903
  0.018797  0.040994  0.015154 0.0079652    78.368    8.8967      9.05   0.90812    83.478    2.3032
   0.01857  0.010429  0.015179 0.0077284    78.438    8.8125    9.0616   0.90554    83.487    2.2697
  0.018261  0.010146  0.015139 0.0076914    78.265    8.8242    9.0742   0.90774    83.514    2.2833
  0.020992   0.24243  0.015496  0.023072    78.475    8.7624    9.0616   0.89697    83.471    2.3644
  0.018364  0.010483  0.015017 0.0077347    78.457    8.7799      9.06   0.92095    83.472    2.2674
  0.018276  0.010063  0.015186 0.0076686     78.38    8.7798    9.0596   0.90096    83.505     2.275
