              0              0              0              0             78              0              9              0         83.625           -nan
              0              0              0              0             78              0              9              0         83.625           -nan
              0              0              0              0             78              0              9              0         83.625           -nan
              0              0              0              0             78              0              9              0         83.625           -nan
              0              0              0              0             78              0              9              0         83.625           -nan
              0              0              0              0             78              0              9              0         83.625           -nan
              0              0              0              0             78              0              9              0         83.625           -nan
              0              0              0              0             78              0              9              0         83.625           -nan
              0              0              0              0             78              0              9              0         83.625           -nan
              0              0              0              0             78              0              9              0         83.625           -nan
