       0.018795       0.010639       0.015303        0.00772          79.14         8.7597         5.1621        0.47045         83.412         2.2708
       0.019017        0.01094       0.015244      0.0076121         79.074          8.829         5.1683        0.47002         83.387         2.3033
       0.018822       0.010864       0.015324      0.0077135          79.26         8.8148         5.1679        0.47309         83.398         2.2986
       0.018685       0.010548       0.015158      0.0075301         79.006         8.8828         5.1642        0.47062         83.453         2.2971
       0.018987       0.010779       0.015336      0.0077268          79.28         8.9395         5.1708        0.47665         83.394         2.3134
       0.018629       0.010399       0.015122      0.0075266         79.123         8.7139         5.1648          0.477         83.432          2.271
       0.018678       0.010668       0.015165      0.0076046         78.964         8.8853         5.1636        0.47292         83.462         2.2957
        0.01883       0.010832       0.015166       0.007563         79.084         8.8788         5.1749        0.47248         83.427          2.295
        0.01895       0.010988       0.015172      0.0076442         79.057         8.7908         5.1705        0.47849         83.425          2.282
       0.018969       0.010871       0.015335      0.0077322         79.116          8.812         5.1672        0.47979         83.397         2.2799
