      0.0095581      0.0092735      0.0074887      0.0064352         78.201         8.8218         10.353        0.90821         91.373         5.0259
      0.0095606      0.0094646      0.0075557      0.0065221         78.318          8.728         10.358        0.94038         91.404         4.9306
      0.0096887      0.0093792       0.007608      0.0065778         78.351           8.82          10.35        0.92226         91.408              5
      0.0095487      0.0094229      0.0075591       0.006499         78.151         8.7303         10.328         0.9222         91.374         4.9615
      0.0095063      0.0091046      0.0075138      0.0064717         78.201         8.7352         10.355        0.92528         91.415         4.9535
      0.0097876      0.0097549      0.0076668      0.0065144         78.319          8.768         10.369        0.92789         91.398         4.9681
      0.0097202      0.0095586      0.0076372      0.0066275         78.331         8.7851         10.347         0.9332         91.317         4.9623
      0.0094891       0.009153      0.0074919       0.006404         78.134         8.6765         10.358        0.93654         91.402         4.9345
      0.0096181      0.0094704      0.0075329      0.0064894         78.194         8.7573         10.359        0.94088         91.345         4.8767
      0.0096873      0.0096863      0.0074029      0.0063666          78.12         8.7542         10.346        0.92412         91.395         4.9634
