       0.086076       0.041521              0              0         79.711         8.9745          2.306        0.28682         83.352         2.3299
       0.086472       0.041581              0              0         79.566         9.0077         2.3071        0.28665          83.39          2.327
       0.086617       0.041688              0              0         79.641         8.9143         2.3089        0.28966         83.362         2.3012
       0.086345       0.041668              0              0         79.806         8.9676         2.3056        0.28729         83.341         2.3174
       0.085873       0.042008              0              0          79.53         8.9245         2.3043        0.28972          83.41         2.3125
       0.086538       0.041603              0              0         79.611         8.9045         2.3086        0.28905         83.368         2.2922
       0.086475       0.041185              0              0         79.639         8.8978         2.3077        0.28528         83.381          2.313
       0.086025       0.041254              0              0         79.631          8.903          2.304        0.28442         83.374         2.3361
       0.085944       0.040962              0              0         79.563         8.9706         2.3026        0.28314         83.387         2.3184
       0.086314       0.041498              0              0         79.631         9.0213         2.3053        0.28718         83.393         2.3294
