      0.0005416      0.0017989     0.00044192      0.0013063         78.101         8.7849         11.831        0.96744         94.795         6.5636
     0.00054145      0.0016697     0.00043857      0.0012733         77.869         8.8026         11.835         0.9563          94.83         6.6516
      0.0005603       0.001759       0.000428      0.0012631         77.963         8.7445         11.848        0.96045         94.807         6.6895
     0.00056682       0.001886     0.00043578      0.0012421          78.08          8.729         11.863        0.95673         94.736         6.6126
     0.00056033      0.0018606     0.00044164      0.0013144         78.034         8.7044         11.834        0.95764         94.798         6.6376
      0.0006045      0.0020732      0.0004705      0.0014002         78.093         8.7451          11.86        0.94726         94.604         6.6389
     0.00055151      0.0016906      0.0004556      0.0013095         78.174         8.8447         11.848        0.96513         94.713         6.7038
     0.00054912       0.001755     0.00044828      0.0013722         78.041         8.7177         11.855        0.95972         94.691         6.6952
     0.00052353       0.001642     0.00044884      0.0013299         77.952         8.7521         11.837        0.94752         94.714         6.6295
     0.00057769      0.0018807     0.00043624      0.0012752         77.973         8.7385         11.849        0.95456         94.785         6.6908
